function model = obtain_crust1_QB()
%------------------2024/8/18------------------------------------

model = [2.8   2.7  1.5  1.4200;
    8.0  5.29000    3.2100    2.4600; 
    18.0  6.1000    3.6000    2.8100;
    23.0  6.48000    3.7400    2.9200;
    40.0  6.63       3.79      2.9500;
    45.0   6.72       3.80      2.9800;
    59.0  8.200    4.4300    3.3600];

end